1.000
2.000
3.000
4.000
5.000
9.000
10.000
3.141
2.712
100.000
99.999
16.001
65.656
26.340
65.180
49.887
79.743
70.303
87.423
40.500
73.734
72.366
92.588
97.440
23.290
72.525
28.125
52.226
13.930
66.378
11.467
17.342
63.588
45.402
11.985
2.436
72.426
3.964
15.952
56.190
42.781
15.822
6.519
48.820
50.615
50.913
34.168
7.997
56.252
51.119
90.653
55.14
80.710
30.447
62.86
89.256
19.705
79.126
76.479
98.378
46.848
91.881
68.898
30.124
3.982
95.445
87.151
59.419
13.141
18.876
27.208
84.447
65.915
25.841
95.575
20.193
23.863
74.144
14.657
68.969
39.216
14.978
67.225
98.932
66.616
60.945
76.645
44.441
12.669
83.659
96.855
53.20
18.279
16.832
36.784
1.575
6.719
44.304
52.510
72.164
8.449
9.552
90.74
74.525
33.170
80.938
42.451
18.58
35.154
95.789
82.547
56.988
19.853
92.623
15.564
87.523
65.597
28.256
23.2
81.108
24.514
47.67
17.265
77.952
71.672
41.853
72.450
41.191
3.485
14.370
2.601
94.767
50.674
75.573
28.509
82.552
23.81
71.692
98.801
44.469
25.738
23.397
40.516
88.195
2.754
65.756
56.811
23.258
85.251
32.513
60.866
66.135
99.389
27.997
90.471
66.16
61.789
13.101
6.354
96.660
8.862
16.816
73.291
75.511
42.259
24.302
25.442
37.424
32.616
21.22
40.239
90.1
29.156
3.687
10.751
47.970
65.115
87.991
58.862
2.301
73.526
55.598
21.745
74.153
61.147
27.801
38.918
3.767
74.258
6.936
61.505
6.327
20.45
18.379
59.172
32.732
50.987
82.371
32.408
24.446
7.404
47.646
74.402
65.100
60.572
36.22
77.294
1.50
40.371
81.951
43.165
84.593
52.718
65.237
27.841
83.386
45.282
32.919
85.798
19.697
22.407
71.151
2.772
1.394
43.334
97.38
99.733
32.4
52.949
93.931
90.628
17.388
10.350
7.947
45.222
86.716
73.140
41.927
86.336
13.936
75.113
69.359
69.121
8.62
52.450
42.370
38.952
72.498
52.924
77.897
46.615
65.871
8.806
50.346
43.764
82.870
29.952
29.50
73.889
64.478
39.506
10.272
28.62
96.557
59.694
72.277
17.632
83.68
79.578
84.261
48.765
13.677
15.639
66.279
17.258
37.669
88.947
41.816
10.489
73.321
35.897
50.452
30.34
72.509
12.56
70.61
73.336
90.988
75.9
19.444
67.756
13.55
4.406
23.66
47.596
39.782
45.690
86.375
76.459
84.40
67.7
53.41
43.544
81.670
53.1
66.172
57.579
27.813
37.450
31.584
98.323
66.243
65.952
71.441
63.855
81.631
14.935
24.909
31.405
31.736
6.397
8.516
28.135
29.665
37.913
1.687
36.319
82.601
24.253
42.387
61.875
70.27
62.394
37.993
29.558
18.637
74.946
24.756
64.413
69.565
85.735
58.509
88.252
48.801
79.619
29.642
13.766
87.165
86.69
24.604
6.150
51.183
58.867
96.927
32.49
36.669
84.394
78.124
98.427
26.830
46.755
72.411
73.811
29.859
80.5
16.939
55.719
22.414
86.70
93.18
71.230
88.607
76.218
32.327
97.10
57.395
65.981
59.990
92.88
1.673
93.17
12.248
0.597
36.86
14.322
8.60
93.980
90.733
39.618
3.671
45.301
33.454
96.798
35.855
40.228
95.342
53.388
59.217
89.96
55.3
70.163
63.463
95.705
48.435
24.852
58.621
5.492
76.201
42.863
9.783
91.704
77.696
45.836
13.434
84.568
37.407
84.853
22.579
10.771
66.234
75.177
8.480
69.636
81.663
99.442
98.943
99.275
91.944
64.905
78.100
25.167
7.909
72.730
41.283
1.559
17.476
36.77
56.757
65.989
21.917
84.571
12.283
99.203
27.663
60.957
63.286
24.623
47.497
53.388
80.206
48.649
82.684
79.990
94.144
31.215
13.115
38.625
50.337
29.329
52.289
86.468
27.763
91.475
60.444
63.392
50.163
93.684
48.824
26.642
69.709
9.382
25.699
60.927
89.189
57.741
30.543
61.758
58.652
85.918
48.448
62.450
64.408
86.812
32.864
6.553
74.367
88.751
18.648
78.807
89.287
49.19
31.462
29.489
15.714
60.915
15.774
18.479
34.204
43.767
69.801
20.643
68.960
46.586
8.424
46.797
12.647
69.895
9.298
36.224
-1
