1.00000
1.41421
1.73205
2.00000
2.23607
3.00000
3.16228
1.77229
1.64682
10.00000
9.99995
4.00012
8.10284
5.13225
8.07341
7.06307
8.92989
8.38469
9.35003
6.36396
8.58685
8.50682
9.62227
9.87117
4.82597
8.51616
5.30330
7.22676
3.73229
8.14727
3.38630
4.16437
7.97421
6.73810
3.46194
1.56077
8.51035
1.99098
3.99400
7.49600
6.54072
3.97769
2.55323
6.98713
7.11442
7.13533
5.84534
2.82790
7.50013
7.14976
9.52119
7.42563
8.98387
5.51788
7.92843
9.44754
4.43903
8.89528
8.74523
9.91857
6.84456
9.58546
8.30048
5.48853
1.99549
9.76960
9.33547
7.70837
3.62505
4.34465
5.21613
9.18950
8.11881
5.08340
9.77625
4.49366
4.88498
8.61069
3.82845
8.30476
6.26227
3.87014
8.19909
9.94646
8.16186
7.80673
8.75471
6.66641
3.55935
9.14653
9.84149
7.29383
4.27539
4.10268
6.06498
1.25499
2.59210
6.65612
7.24638
8.49494
2.90672
3.09063
9.52575
8.63279
5.75934
8.99655
6.51544
4.31045
5.92908
9.78719
9.08554
7.54904
4.45567
9.62408
3.94512
9.35537
8.09920
5.31564
4.81664
9.00600
4.95116
6.90435
4.15512
8.82904
8.46593
6.46939
8.51176
6.41802
1.86682
3.79078
1.61276
9.73483
7.11857
8.69327
5.33938
9.08581
4.87955
8.46711
9.93987
6.66851
5.07326
4.83704
6.36522
9.39122
1.65952
8.10901
7.53731
4.82265
9.23315
5.70202
7.80167
8.13234
9.96940
5.29122
9.51162
8.13388
7.86060
3.61953
2.52071
9.83158
2.97691
4.10073
8.56102
8.68971
6.50069
4.92971
5.04401
6.11752
5.71104
4.60652
6.34342
9.49210
5.39963
1.92016
3.27887
6.92604
8.06939
9.38035
7.67216
1.51690
8.57473
7.45641
4.66315
8.61121
7.81965
5.27267
6.23843
1.94088
8.61731
2.63363
7.84251
2.51535
4.52217
4.28707
7.69233
5.72119
7.14052
9.07585
5.69280
4.94429
2.72103
6.90261
8.62566
8.06846
7.78280
6.01831
8.79170
1.22474
6.35382
9.05268
6.57001
9.19745
7.26072
8.07694
5.27646
9.13159
6.72919
5.73751
9.26272
4.43813
4.73360
8.43511
1.66493
1.18068
6.58286
9.86813
9.98664
5.69210
7.27661
9.69180
9.51987
4.16989
3.21714
2.81904
6.72473
9.31214
8.55219
6.47511
9.29172
3.73310
8.66678
8.32821
8.31390
2.93598
7.24224
6.50922
6.24115
8.51458
7.27489
8.82593
6.82752
8.11610
2.96749
7.09549
6.61544
9.10330
5.47284
5.43139
8.59587
8.02982
6.28538
3.20500
5.34977
9.82634
7.72619
8.50159
4.19905
9.14768
8.92065
9.17938
6.98319
3.69824
3.95462
8.14119
4.15427
6.13751
9.43117
6.46653
3.23867
8.56277
5.99141
7.10296
5.50818
8.51522
3.54401
8.40298
8.56364
9.53876
8.71206
4.40954
8.23140
3.68103
2.09905
4.86415
6.89899
6.30730
6.75944
9.29382
8.74408
9.18695
8.22800
7.30821
6.59879
9.03715
7.28697
8.13462
7.58808
5.27380
6.11964
5.61996
9.91580
8.13898
8.12108
8.45228
7.99093
9.03499
3.86458
4.99089
5.60402
5.63347
2.52923
2.91822
5.30424
5.44656
6.15735
1.29885
6.02652
9.08851
4.92473
6.51053
7.86607
8.38272
7.89899
6.16385
5.43673
4.31706
8.65714
4.97554
8.02577
8.34056
9.25932
7.64912
9.39425
6.98577
8.92295
5.44445
3.71026
9.33622
9.31075
4.96024
2.47992
7.15423
7.67248
9.84515
5.70000
6.05549
9.18662
8.83878
9.92104
5.17977
6.83776
8.50947
8.59133
5.46434
8.97218
4.11570
7.46452
4.73434
9.31128
9.65298
8.43979
9.41313
8.73029
5.68568
9.85393
7.57595
8.12287
7.74532
9.63743
1.29345
9.65246
3.49971
0.77266
6.07124
3.78444
2.93258
9.69433
9.52539
6.29428
1.91599
6.73060
5.78394
9.83860
5.98790
6.34255
9.76432
7.30671
7.69526
9.48472
7.43640
8.37634
7.96637
9.78289
6.95953
4.98518
7.65644
2.34350
8.72932
6.54698
3.12778
9.57622
8.81453
6.77023
3.66524
9.19609
6.11613
9.21157
4.75174
3.28192
8.13843
8.67047
2.91204
8.34482
9.03676
9.97206
9.94701
9.96368
9.58874
8.05636
8.83742
5.01667
2.81229
8.52819
6.42518
1.24860
4.18043
6.06383
7.53372
8.12336
4.68156
9.19625
3.50471
9.96007
5.25956
7.80750
7.95525
4.96216
6.89181
7.30671
8.95578
6.97488
9.09307
8.94371
9.70278
5.58704
3.62146
6.21490
7.09486
5.41563
7.23111
9.29882
5.26906
9.56426
7.77457
7.96191
7.08258
9.67905
6.98742
5.16159
8.34919
3.06301
5.06942
7.80557
9.44399
7.59875
5.52657
7.85863
7.65846
9.26920
6.96046
7.90253
8.02546
9.31730
5.73271
2.55988
8.62363
9.42077
4.31833
8.87733
9.44918
7.01356
5.60910
5.43038
3.96409
7.80481
3.97165
4.29872
5.84842
6.61566
8.35470
4.54346
8.30422
6.82539
2.90241
6.84083
3.55626
8.36032
3.04926
6.01864
