1059
42000881 71048478
76357614 68185784 48507887 9314607 85646591
60803469
89512025
38944592 34356658
2241653 86009124 30726874 47509992 53304966 42346448 34068564
44459936 31345822
72253927
14398414 38450165
66114692 18840680 52670937 35206190
75797384 75905369 8240089 86479267 17958938
38414852
46130
6798204 80875316 77085085
89469002
22991966
96013794
65675682 47546337 61146377 74613538 82384333 12983459
96915035
50205668 35486253
23237380
34160102
73852940 51902779 79296790 23938341 69243744 29028019 90495896 45166507 79742495 52995766
1447145 28701057 90273393 54420963
6471767 22656174 57375308 96163002 1970051
17015387
62231720 93036581 88734156 22869755 18270281
13718958 78292675
23886591 6607325
87109546 24437675 45920152 36841026
71001434 67217202 15057577 34060229 87209243 98813599 43787388 90977224 89317658
52442714 42868672
96544507 77161836 44776643 55311517 22714199 25461451 14329774 24413028
53645891 23700740 26733973
74576074 77510827
92013802
29614333 46552638
69893397 52173726
51829167 48804061
33798196 69507471 72333598 49034325
58059122 83471684
92739545 7536998 74457843
57752971
86949626
35263721
80536435 71513063
47439043
11941672 52131694
81881561 27885995 2961133
56167303 75770918
96996928
76706278
82858716 28043299 91281210 26651366
55777172 9215952 76030610 89486159 55123120
52627596
7316311 73986938 47054251 17423167
33065772 68022302 81105046
90765534
64405326
96720254 20614034 28431418 79610182 77323301 94318001
22775123 90572331 70150631 99036269 34194114 34219596 53059233
50798371
92743603 13758020
40418900 52949119 36049402
44316951 72325308 95839953
92785617 44378844
76555219 3026398 28033506 65482103 10119693 77433859
36516875 49876209 30596637
50818797 87900981 32535095 86287053 60359425 67303684
47041622
669735 7124590 44863071 14828685 41403519 62878764 88487127
7372522 68096653
90762508 58359772 21256628 4189003 28752199
86354324 20384295 83410897 20760005 52631930
88289436
80367587 24472196
68955877 92971183 95068741 98082869 12063998
50591690
955551 92778393 12686766
26850287 45704278 29404336 35715335
97404362 73894677
89970342 58753980 84935789
19191569 59767587 2358156
52541273
94735871 43139935 63515058
8553005 22633218
60071897 8167467 79464181 31869169
82461755 4892400 96962222
2932555 60372241 19605439 13637123 63265884 74280299 31799984 88516631 73306999
70330812
11097491 68569314 71745868 86106161 70944967 5754942
92314545 84200938 84073401 78777646 7131471
26636580
88407602
98397361 68774443
95705419 18523167 75354946 20338508 71940009
49562194 70193701 96338487 6313075
52232700 80267526 90665019 50811978 27090021
40787223
70453866
80769102 58316432 84278773 22617859 74971119
33913734 66573145 52075812 15696813
57976942 68705388 7901149 27714582
21243059 88404690 62543504 85706662 30330544
52031229
78720570 30161161 77199873
435581 69620526
91133255
64613086 28755781
31872362 12538110 30004873
2361402 75149297
18441018 10569853 63460949
2507299 59473784
90356416
66531915 76041760 40090763
70020165
70718139 30349613 60040653 89231754
57935568 2986473 22377246 99365185 60395805 31976658 86612361 79778955 87342721
63325798 54024618 1312734 87754844
60515359
44533185 15230257 19160869
83878043
36805760 32409015 90148417
69587507 39235099 34937759 62736234 59044010
84125873
94019962 92019091
24708919
9315138 96570086 63188611 22530475 68724062 2228641
71841515 40665961 26215315
42687140
26383630 10745106 14604246 34906573 16849445 724669
4587372
59673295 30259237 20286707
42175965
10372130 46847849
30126800 79158164 67047418 79577794
68567649 87590296
5838081
68122418 83120677 3857506 93002126 77514095
38132746 88320534 86223894 4575671 13264252 46713690
41791981 10620547 72989876 18866557
2650585
85390707
64731471
81081587
28397660 76055135
30802095 20067986 4576756
90925739 60893845
98152680
63930913
65561810 6984071 68265098
76450047 47922271 95420371 3947820
92632245 47897494
96894976 98009386 45125491
19312741
26574555
61221515
78755001
32458962 16244397 47890081 6896218
86392315
82365267 83683678 22859442 3464557 52063005 21226150 42925420 8240537
63037017
65038148 1278082 80047443 50737522
15249627 81298933 12466683 44498429
91178065
80247885 39628641 48632917 34532091 58942740 13574665
17267385 16288128 28626275 41100650 76789447 89513891
10508572 21752582 3163639
27397577 60089622 68238767 85430066 52797229
50576191 18868916
97501060 91421747 31492615 63040190 93905379 18886795
59567359 64453656 58602729 51175226
63910156
32447594 27217557
46229381
4133071 50670029 255341 85310523 79646878
45062722
53421146
30482560 9621599 80752207 91820154 91949383
56374132 10103236
62158154 13901789 26463618 25474412 11696299 63499619
11652001
17411786 25028212 35610709
47863266 55390492
53323055 446434 24253205
45805228
24431344
57735288
29311540 30130274
99027341 32351016 54708588 33301546
2689852 14386611 37791525
42752891 69633331 53328119
11298052 32814248 11356716 39140712 31308293 81676095 67933584
98564033
68822617 2378972 53294187 74581940
39059039 34716644
18083212 55095259 39694462 17627014 36008099 44235787 31071416 2684731
97488050 74163525 85630696 42855841 45824434
35043300
39805316 46092196 62837412 39786146 94129666
6099405
71729942
49970510 81279780
6839063
6420358 97594850
57545087 36008642 57888473 40769346
45844590 60615023 40565349 63730229 62847033 17349133
72681179
42411037 72491237
85245142
30252690 75995354
23290684 43683650 35572290
83905652
23830891 95131587
97438196 51607608 33724155
99894908
41309088
65398998
91556046
45228274
33484132 14639217 38260329 42986679
95292216 60282204 23929358 88552051 66791960 86685487 14149104 59437802 33919044 21774871 75480940
52316531
93259477 18256241
77794968 57868778
93167955
97242995
73564774
43497571 78471058
40872850
21796157
594708 77663804
33706645 41889076 14626169 5495277
19184712 99158035
8893782 47720824
61939656
44448177 66675038 40652990 20572102
12891245 23197053 96052741 96216146 47959579 30639427 48757429
89261454 31910333 40241455 56808367
58465812
12651042 29208483 37721443
20785884 23463748
93684089 5919340 62491011 5775254 12366479 95470929 2448148
52299523
12045124 49903418 15397138 48168139
68374845 46902559 89018622 38176371
94915502
25119299 3007334 55569656 37943589
69518099 83454552
88114045 35958216
71043316
5604629
53510032 10133741
68172908 75811603
34371427 55477694 33166323 95417983 73858841 44809268
26269663 70227267 81312552
57433876 62573542
76600028 42050684
21528870
38402485 69089223
73100283
84780990
35568297 35289 66076899 5320431 30657434 11762974 34249535 69358559 84751708
17939356
37725062
89542336 89325051 1417812
35714828 73724644 71430480 33226616 23637195 34886645 19127450
18780967
68362823 7749119 86614467
32433276 70189405 467076 85639876
26972495 93116395 97670534 26973425 7086959 26993253 4905249 88623224
4530393 11825743 15133283 90484339 75296091 22058523 72704553
82680760
34085808 374187
45376735 67686196 30474584 94437298 93316505
11582402
45079274
62642763 26881060 60295468 66317199
82973023 95085095
38698800 46483643 65959949
71453304
44324072 80841947
42340426
26854598 77038055 82363678 32146430
92807922 16454593
79828594 50663226
17597753 9117297
85984070 8458127
13756096
64397968 44059922
73789200 13177575
95364745
90508074
57302343
24985777 47473822 25700905 84760766 92531778
59896407 73988014 88469576
26169437
34858506 12122290 93660232 11991314 20841118 21568856
43364441 4416750 3885358 94008015 25932666 87556891 17571994
59216311 49289017 11425466 8131460 97827934 1363974 95849374 69867692
5381258
16489217 9103100 92432016 14053403 94683613 9226459 15671552
70813530
6344870 54140797 10819457 73817080 19337035 86904877 87084685 54953213 54600496 28981181 72200133
17913546 97161231 79139353 48099127 30309705 37224584
26469384 41451937 65260177 69952919 49993699
96967542 65644211 74035930 51116902 90176329
13119809 48686805 170343
47244750
3746281 67446902 37546079 83018482 22204163 7487663 67558062 82177479
8539595 80344017 54965824 33719649 10374258 65377500 79192386 93541002 49607936 18187038 22403096 94992976 59209626 21837827 59452197 12486313 65261420 32680994
68383381 40829230 48807098 89302241 18828980 68487209 96347501
13139987 92912471 68390561
63129956
83922489 99276399
95606650 94271837
37281415 47204641 41412857 84317375 81560280
66074695 29132327
89238088
33689145 2921631 39305361 97340799 41150092
72153005 66187721
17560740 29080060 34096134 18326176 53724369 26592569
2450298 34737612
3029916 78871651
28055520
24519486 46437567 27046222 2426321 37531767 49219433 89785146 42137450 54245429
60514132
20693587 94111952
7169169
28890660 55609767 56734185
87375205 45798831
74278677 12688075
25761270
35971329
97739428 76174092 31519654 90371912 99652654
12677144 81625732 45378996 3546689 69881104 10317638
57859674 68937793 1439464 84971610 62761832 73068628 39728599 28140500
9317875 67100728
87131331 16079176 90994664 39656213 63064112
29072057
87086518 43987887 97741617 30969480 16703239 51955726 61142743
44081407 60405734
44971990 64941300
85080096 85709736
21844438 74710160 22213986 53959049 55355366 52710427 64720468 95395659 30878209 54321478 79515374 91174456 67296981 38054883 17084425 77113387
25054819
89845358 18652930 18503382 537778
65365847 45660180 86967145 69816261 56530710
61048539 26335352
56337274 33238950 93187558
12350563 67208588
70543886 51033033 12386167 65293782 69345410 91029873 40008703 2633883 15210474 96760931 44544295
10968765
26519906 40651934
