42000881
71048478
76357614
5469468
30617879
57019869
41773299
7919797
20179917
13931281
52745931
24512688
46952128
34846039
44348619
2017167
19237402
45486996
42366931
25939126
54289133
18636918
2375883
22909904
6989534
44724949
16816487
34712777
3255741
6427421
44229853
18596523
41908063
45843734
24153854
7955609
13107667
36895392
10697312
5332656
8203806
2633693
49382043
23923119
47377239
34781767
47635607
18213381
2745111
23182908
9725973
1036368
41306879
35806724
5653774
44880582
12633262
17357502
17326361
44166316
52417253
14273728
49793788
11023919
20146344
25293012
44962152
38087842
47625696
30443536
57227101
50057423
50873288
32947594
6173554
36859857
32652592
12389532
8651681
31084321
12979383
50641208
10453449
24725084
46067822
1564332
47039152
8236756
15888541
51844023
42576538
11818408
42656429
24409709
51201024
55708027
56759237
34186957
34703156
9534181
3023701
50531173
31117373
30942608
37522474
11580329
35853529
47703257
12886517
32546187
36018106
49333981
38241206
51924208
52505733
17217253
49501229
20494214
1746659
26662312
23414457
33165652
20026861
10054021
8270898
20505648
16864024
10376419
56327552
29217017
39857557
16846406
20786081
50118078
44713458
2845383
5728434
39210734
48519774
47856922
30772577
40655441
26613621
12878031
46856053
49343568
23171888
13148854
35426589
51394507
25766062
2505957
50039956
26738236
7275456
19306038
7168618
15227703
44572464
4578804
14369024
30659757
51672847
55670727
46768771
41270186
30909438
16874723
24603064
11115824
46033919
38687557
26910687
45480691
36395706
38892746
38686053
51921388
54143924
24502399
37101344
43746247
32580047
47714372
10429391
26871031
56708203
8884563
23765898
35444604
4297299
1918254
25552662
18503562
1927132
20170831
49819726
11352186
10141688
34681353
36498854
11235984
20805059
29374257
10515987
4245677
2095416
26246736
22631963
26180948
40389279
15326159
22295399
52018037
7686077
123787
29167221
29911191
25016486
4899698
1032173
23359739
4247789
36274129
22571112
20678992
12653481
23690396
49065933
6242323
31438203
5799749
21583934
13076902
2544742
3102711
24965451
21082856
9099198
7419048
12699914
32863689
47474249
50609852
51256887
43188672
273736
45399056
53434978
2319488
51565023
33670974
51026749
31043292
30301862
34043586
49998321
34768586
42306378
49710623
13420258
33779854
44168904
37877669
25068302
33260612
26644516
40377236
9889798
52309983
7321724
24781484
34717702
9591817
22205947
30271791
26297066
27285716
1334013
51801963
31195339
41973469
34774022
2173752
23644721
9912851
5752406
7388843
117948
31306888
40587839
32445729
40583649
32469227
38399517
21635846
29897206
55270708
54768953
6151863
1417474
29937144
38565932
11910032
45475587
38845816
22923096
26130558
41218683
18602968
43519674
53925724
15567774
7984787
39554747
52854476
8791171
34102556
28588663
29270993
19772044
34368674
12513007
44836332
37889161
13280986
32559063
37547653
56266353
23425239
14398834
42617507
33799537
34574557
7452196
50846111
49140758
55809843
54225614
26221179
41553592
14199182
23233267
52521461
17816396
51776351
34095213
23361718
10678569
23780249
42179807
34467307
16649432
36691551
12529121
6243366
19561218
4611043
5962178
46937619
26766214
40967609
13293682
14267222
4327951
18387026
49818028
54541233
55067798
21828359
23770734
25353397
44365997
28203342
52868171
19942051
54445676
55337128
24188578
37301973
43583774
33541774
51193334
31396332
33277377
50232451
29371961
18193556
25486598
20432018
36833643
27289184
15098119
2273382
9253292
54710446
30919691
41376576
30765718
37465058
10636229
31158719
20722552
27620742
40496151
27906736
24737046
52761783
6535298
51928918
51149174
15680839
35617457
3561017
15394697
32007771
8117136
18120796
4368648
50964028
38277164
8332779
9259182
19053887
15128797
49620281
13332351
28986896
19877603
5593338
43605439
6033069
35383224
24747627
22900122
31843331
11504871
19108966
21892518
21069903
17654648
50148189
25353624
28865834
5730392
26507642
37437831
36238886
51147881
41186908
18383958
12130354
12550349
49614997
4568832
48488347
26642301
51996036
9783228
1790018
45287794
318224
24029094
4942752
45001727
10598046
9295726
27650453
56394553
14037483
46179369
50266684
21601799
11926722
23484172
45335421
46057201
35030791
56705393
6294913
52674418
53983814
34594809
26950074
30475992
19710852
44225602
3378021
55609091
57823008
18201778
19246168
47452754
19876589
41087474
46495317
20162557
51555982
41707681
55472480
24930258
9067488
21550849
25048794
55679664
29278517
7118087
27954521
49826521
45482481
48879923
5988128
43712488
8034674
45213379
23140587
8841682
13774471
43520541
45861221
43099553
41366733
17763649
9696729
56270567
26407532
26843882
57727491
40061931
10954506
28996953
11095893
24690288
48280064
11141824
49445244
55840757
15733282
7904237
39766741
53615261
13967591
5715668
22265618
16173024
22088849
54130787
15375807
51058392
21440371
19058411
350683
14349453
14857454
39198084
19421869
421762
16054832
23648356
34563116
43069996
16402718
26232238
17508534
30058699
40748157
49525982
13012707
33803451
42773131
31848746
45092993
52798578
50623228
57289899
8939864
38054334
48899842
36726402
37796937
34435306
23744496
13855663
41087463
24131824
36771569
40720952
16310292
7930092
42039196
6881226
26000541
39176853
39734608
21385618
22859904
19154779
9053644
29852
33777077
52611571
48663601
10862636
2294318
51818523
34844984
203369
14056377
12844907
27755257
11908901
17879121
17243973
48183778
14006204
19917219
35224447
29153127
16252022
14966116
18810541
33256443
11069408
33185738
32466599
38865239
23954692
44157962
18802651
7473356
49012853
40053063
58045633
31650269
2488134
13614122
19119902
52033532
51234271
49727256
31588583
51682423
26587064
15932214
3835987
20164382
56877516
42786576
33079731
33358498
56890678
1567498
33440699
56640939
5620644
52114947
48682032
6237462
37429251
35736936
30937116
54653388
39022158
38195213
44953784
17482784
35132879
7831067
30372037
6369966
15165156
41293308
47615258
36361323
22153114
13052529
31160947
29708522
9538377
41653131
10924531
40794411
11779503
37389993
56125369
5186179
39097919
40175507
6575442
9678662
14624031
57083566
472326
8343648
43472593
31326918
39208039
21435594
35800689
25851982
2362
37841111
14637291
56647271
46641708
3901543
18171309
47155644
40849459
30019082
10860247
49415991
54648631
10168646
31519758
20791008
30961268
57453049
15258344
51710594
24265092
37143807
43077136
29951751
30664476
31802358
41564483
37259498
11050034
19065554
19986062
12199227
20686402
32358731
22833831
24934001
34904338
38564653
51446898
448844
44520149
49690842
36418612
27846357
41731531
21125256
55630076
7461543
21981623
21237724
42297769
57602437
21699512
3904732
41929501
49573756
14117701
37238728
5861433
39287458
43631289
23586924
55911974
18014372
13240932
16730491
16448366
34978081
3214953
8475743
54319969
22641029
57499409
22438222
46323032
23995401
48841876
42373428
35626353
44557054
5957654
38570264
40402712
3153342
53114132
44513691
54232336
29151828
17476748
21084919
53953539
6145379
5901267
52332027
50809746
17555241
43728738
51079488
4626698
52981764
49324314
16390004
32385232
48226282
44255797
24740856
55313571
19308393
13983728
25250834
3616694
18021804
45350107
31537157
31631572
42526491
39348256
27332586
50044213
2588028
11472518
8782919
46103439
30370082
48578722
6542701
16796656
50092393
42395728
57281158
36529219
17829124
50248537
26503417
34839262
39868191
54453891
23062746
55780713
15411123
522983
1663884
10261924
1579214
5015522
30943262
5640972
20415421
6644596
22215891
19374693
35955183
18969679
28787814
39820842
34704917
52534897
42424391
35565116
44440163
5145743
33965233
14361889
22835624
51137587
8299367
55270987
16219426
31178536
41559223
4366253
22378428
11724959
3191984
1317422
18443047
38916171
6373126
42780621
4805333
22971723
16322304
28690804
29502682
46046872
50477777
49162086
34814711
7521518
50534683
47841099
47393314
7315662
38033582
42763331
9173666
39586021
57426683
29453153
47092123
53896314
14134349
51697054
20022552
18101727
48493421
18740366
43641911
55047248
21599093
44305618
10791564
31165214
21331987
30394362
56627866
6811006
5892386
54759948
4724018
33787578
11907204
10390474
37986782
53950062
497927
2032756
12013221
12493651
10665028
42498643
19336794
27241574
33453212
51489227
44970127
44821946
41987556
27265223
1318168
49669319
20473264
34400594
15277142
57436967
52966776
38759731
41378323
1702258
51054698
28826779
25124094
58114327
34735627
48165397
20690956
18252641
51730633
35486963
29186733
44973004
42311159
2824504
54893562
52189442
45244592
12723041
57089511
41742838
43955123
25666369
5056574
4230407
39933592
40803861
16404026
2548486
15479323
28670073
52129628
44364409
55019069
32531017
39166877
25702151
54490066
18761388
4620373
34594674
15557719
33462319
50520372
5353257
15760107
40491716
49040436
37716781
38677463
42516488
9008878
36063789
39203454
34924234
35551602
16514867
41300842
35075761
29199811
43511073
35050078
16331398
37265959
14219889
18615604
29510057
50908352
36785377
8465221
4380466
53344578
50223808
23453163
12849659
34975349
48027012
6948462
6462297
58120056
23641371
30050451
5293678
34517818
17674284
42259354
44174727
19660672
33442282
7467381
14537276
42230018
46516093
37473883
19561554
4227094
35600322
19125207
57832877
11046796
56495421
32546333
56122633
52345474
51796704
46063147
15357077
15107691
16194336
20701268
49445328
