42000881
71048478
76357614
5469468
12090014
54675817
29221121
52850466
34780313
53013039
42474462
45643591
28738434
7858484
8245987
35408531
48888158
44162754
47046789
15654927
40298946
5126576
32841293
1964457
46908286
35664793
22125725
25442830
7950100
1709370
47549530
47511962
33498311
56613579
14137731
56493445
15291717
34876816
53156363
21436024
35957382
54587981
33140628
21479229
45501267
57195266
44587473
15085677
16099126
4458638
16362864
56999827
44734341
18323603
57196629
41174602
9894373
7313584
14105457
45454851
44390361
22510898
32655284
36250890
19189341
52417783
52476419
51048516
9538892
50706416
23611333
41481698
48627336
5682928
57432379
36707312
22598580
44804278
38126454
28276117
30456563
14447130
1272105
1556340
15408785
4893385
5107370
36065770
55314376
43892107
16980026
49236228
8545419
12789657
18756281
51240163
49670326
46567853
47695454
52203334
16507367
14043296
7424993
33258994
2108374
9950112
54242731
47447434
40056352
26926296
15314238
56875264
57632109
9391987
3068631
22648693
20345314
15759247
12855921
1960463
6615604
34584247
10230046
17489958
49811419
8239937
58007191
42619813
51965413
26848599
45956857
55828221
32062426
4765708
40746484
17293690
24581264
4617667
36597211
53925128
32663459
28768532
40979957
52698716
2987543
57176344
48327316
45008803
35444739
45635797
31508906
11621853
45668754
23973252
34703156
6744951
23231488
16384949
33730942
26964176
28645788
31849857
57648494
18816032
17747016
5216068
6696859
26473132
11586671
39429738
37060812
1286623
26001359
36563382
30019911
55159080
33563775
13950735
40632390
47008085
13685425
49220900
55560635
29584297
8631831
8862444
11174092
33909886
36969579
28938227
7711816
7050038
47510459
34048872
56373331
48382600
15965165
46663530
1183375
7744065
20342935
35349790
30865610
4581065
40447475
10745660
18582715
24578746
21373918
22033624
13545277
13063696
35455644
53139797
8336136
40670858
22093829
56928365
21372465
15682615
6033655
18036030
8115775
39949250
56873820
38796225
43176749
48763847
42323273
46057519
22909653
22652659
56583092
35753538
37973620
44979495
34994955
16404745
20072095
54126650
46018832
8140831
13547358
267004
42114367
8461321
16000443
12914145
57364580
21136395
36226611
2940103
15882739
25262682
37461040
37419090
44280705
29729005
24277727
20438624
39969967
16498071
38322943
43338594
47087217
55805796
57618398
49009424
30642357
3000541
39919573
38058891
38635178
40137989
19241082
48931886
49376663
30801415
24468610
27409205
56601605
11888640
13586120
35770580
57887579
55475562
45116222
9151176
7363108
57842870
45479465
40325370
54685765
55354509
528793
5079344
15365227
57691276
53752293
21778944
48402397
194931
42628028
11365319
4313417
14944246
49880068
50197534
2267247
56444151
23767197
51841606
39164393
6158739
50262077
56559456
11729713
22220454
26518672
33227973
55353354
4932497
45714916
13924268
56216914
38841235
57362484
501161
35874198
46385609
37494554
35417287
29200057
36508326
2723168
41169354
4214487
16600561
7903503
6526894
33484287
46797871
56152088
48920224
36303349
19403343
24894514
19579247
40245961
24648668
4534694
42510412
20672491
25154863
56159717
45631266
42999413
3094009
49104032
21547147
31291676
45501918
5819220
20397710
39169035
29212055
14836670
1173610
17642070
11896390
38743285
34678845
20745642
843229
28113322
42496246
17663945
18559795
53459848
52740884
1967063
46164899
19381565
9329510
49481350
20728528
44854209
51657185
25709707
28757926
25341958
20983769
57444281
4800025
19298525
47737200
26397770
25939535
28697050
42080870
12328400
16789260
17528138
15169134
17437682
33208408
45377229
10053652
13406046
15374593
21791639
7116533
27231904
19145252
7828981
44874378
28239664
20504626
15090550
30553895
53355070
49202545
22714305
5608510
4786845
40663490
37722188
37233794
47136897
29195706
28903828
25892739
9777093
11218734
48511557
18350413
29705429
43087440
50372460
36406722
43348446
37481898
3012799
27678477
3774775
449180
47578500
55411821
58061826
37713408
51750874
22120417
35041176
11680768
2516149
36891337
10386336
20435538
721419
26902912
17769426
14198788
13278221
12044988
4601969
16241277
6273466
13024208
38727194
21352182
44681926
11886178
42232079
1436923
15018119
28620725
35875835
24598164
5906132
56730226
18165928
3631614
5867072
37610176
54614172
34002831
1951303
27051609
15309477
18783001
47725318
24175428
23172074
10761397
6017781
26339893
17690824
14391497
26568341
42541983
6542794
52890857
9535651
55121223
26151446
1414603
25835004
39042942
9028663
24423009
25065917
11053636
18892123
1894044
3449637
6374946
17886523
57344589
32681901
11799258
55142414
12267602
56552746
39729491
55592397
31976671
13709378
1484569
8990622
39940686
17957163
42351584
43153362
17809727
4214826
21427098
19108734
42955962
46529205
2449187
54467366
54544238
19946544
29344077
1464411
19819828
54611579
50995933
48707644
4634982
6709851
23513538
16391473
42847044
8680689
22756407
53612856
19515443
26188444
4014826
38667838
47956864
20350292
49618166
57303486
8383867
2890456
16199438
48578894
53517461
24325503
39150208
50693919
34521727
51541036
30584278
56045864
41855645
40871388
456309
26048557
43669006
18119153
42642500
892560
2367705
42989645
31309394
13928559
48498357
11025891
39433948
1161609
768117
14966396
25646833
6564394
47655472
30982321
40210699
12255137
628846
21215008
55485014
54605160
28310860
42651497
45319571
25429205
39028750
10901783
3952209
39948292
26038416
14265203
26761099
19046942
4794906
11181638
34375419
28081751
31528631
41078013
47113104
10863787
43613306
4004634
57872427
8266366
43256818
50533857
8138331
22717748
56324243
5248224
20252027
50118326
56929338
35256954
14870722
17717976
26287078
24163844
16567947
33132956
57469013
55006206
3142639
5628847
55775491
17108058
37792032
9925746
8926123
19430734
40887596
54220078
16283329
44702052
20147071
3115453
17835559
17543220
21693130
37924105
31504785
37445525
47328646
40175933
17814834
34607277
5236731
20818048
24194694
26226341
53249958
41810279
23701127
33196854
36514607
43732510
16734270
29521597
39393077
42173191
32052219
4699682
34203671
29450858
29182964
42921672
44782076
29503083
9503009
44335637
57502336
2421122
54071636
41401378
42743857
52304551
52920818
27200044
48898897
35070581
49397807
1376891
55016978
1483339
2789642
54980616
20891258
30954909
18730817
2656221
24829588
36014104
16598327
57858581
4889313
52006374
54265882
42672007
43640655
52477555
36686940
36439620
22226920
24541230
5010757
45213536
51855298
2854262
7272181
24649683
49775744
41808732
42499568
33192776
46181603
4043689
24268271
51416093
24395354
23975012
32658981
22819855
5819675
57328425
49919731
49584703
2607117
55465266
21101398
22519654
32217858
21759424
22671587
48830316
25275143
12929204
20096477
40977956
27349572
7851396
36740704
29192429
7045559
53495602
18028836
23140598
33815829
5068962
20698506
53450751
29379265
28726520
55153885
31324015
57873660
9207086
56449838
53114399
27494965
26363735
47248795
10805200
858220
2836505
49373610
16923105
51708225
29113711
28877043
8761194
10385437
43046451
29657243
50463979
36941217
53595344
45038132
22503871
22599834
17096556
47599783
32901261
16946093
50472859
45511386
2160783
19310729
534827
55728831
40959958
14108041
6328783
39964319
29174337
497441
22633638
2684569
24433747
32277066
5920658
24753414
35513132
50385762
4926614
2351677
30818546
12122230
7808139
42280297
45597368
24452239
51510577
30423666
53744828
33957943
26806340
48193930
53604667
24710401
2303088
32808064
25434681
7371460
39454375
30649034
43586872
18010957
18297881
41495563
29592985
47629395
37691006
3910958
41704384
8401972
15011661
37798353
52530404
21288588
52254934
50270543
492474
9555442
12463131
57837513
39243752
29416857
28217081
47224478
18027284
28065087
25116391
56122683
56693774
32496466
11723168
54207839
38660150
49451789
32246520
48469013
18604084
18654532
5732041
536408
48820954
10298917
22758746
49152110
50047685
5335575
13496795
34109454
57115427
39732226
46462448
30740614
18532674
20069417
21437606
14237493
989029
7912752
6543251
13131438
41536744
9271412
45702781
34340938
47119919
50303660
28463875
55038205
54478266
20569543
42896869
55212567
3149101
24191148
37480914
34660172
15606916
32263448
17691434
7973677
10835916
11332288
22743034
20150467
31260401
20160333
37854124
55389767
13054341
30272083
25665829
24171320
27490475
19161320
50501023
29576344
11689342
2814324
25602782
10868928
6070869
28761682
56539603
16285351
14427703
32480828
17586169
48707022
42444976
22148550
35682630
3234035
17033130
40919410
14786092
42006876
32350048
33302239
3534112
35366016
20222828
44412180
32963920
29211105
23830090
13340650
35871785
49577875
14762730
1594067
46416
17905843
37284827
15497651
8067029
25498142
43712356
31648217
24013261
47188833
24761729
58097597
31332915
30374355
24744580
55919630
44047568
12732244
13457682
20768926
47035553
45488844
20552766
56609208
54096695
11765017
258276
46789308
15694566
50384668
57136145
55696995
53499780
16973930
29250410
45137275
17755798
51765209
48476492
38119121
36640148
57713639
15912087
49332491
57183793
25150744
50922082
9333959
12889507
56764716
25178817
12208931
21479678
30230796
32962324
1578317
33351626
7420013
19251869
27595567
1405196
54136288
18118319
9503297
38858426
9658854
39441102
52506616
27133194
49396981
6470443
13643679
17950657
21650936
19927199
43522307
35221686
11090193
57649840
